name: /home/molecularecology/anaconda2/envs/Bismark
channels:
  - conda-forge
  - bioconda
  - defaults
dependencies:
  - _libgcc_mutex=0.1=conda_forge
  - _openmp_mutex=4.5=2_gnu
  - bismark=0.24.2=hdfd78af_0
  - bowtie=1.3.1=py39h7cf53e8_3
  - bowtie2=2.4.5=py39hd2f7db1_2
  - bzip2=1.0.8=h7f98852_4
  - c-ares=1.28.1=hd590300_0
  - ca-certificates=2024.2.2=hbcca054_0
  - coreutils=8.25=1
  - curl=8.5.0=hdbd6064_0
  - expat=2.6.2=h59595ed_0
  - fastq-screen=0.15.3=pl5321hdfd78af_0
  - font-ttf-dejavu-sans-mono=2.37=hab24e00_0
  - font-ttf-inconsolata=3.000=h77eed37_0
  - font-ttf-source-code-pro=2.038=h77eed37_0
  - font-ttf-ubuntu=0.83=h77eed37_1
  - fontconfig=2.14.2=h14ed4e7_0
  - fonts-conda-ecosystem=1=0
  - fonts-conda-forge=1=0
  - freetype=2.12.1=h267a509_2
  - giflib=5.2.2=hd590300_0
  - hisat2=2.2.1=hdbdd923_6
  - htslib=1.19.1=h81da01d_2
  - icu=73.2=h59595ed_0
  - k8=0.2.5=hd03093a_2
  - keyutils=1.6.1=h166bdaf_0
  - krb5=1.20.1=h81ceb04_0
  - ld_impl_linux-64=2.39=hc81fddc_0
  - lerc=4.0.0=h27087fc_0
  - libcurl=8.5.0=h251f7ec_0
  - libdeflate=1.18=h0b41bf4_0
  - libedit=3.1.20191231=he28a2e2_2
  - libev=4.33=hd590300_2
  - libexpat=2.6.2=h59595ed_0
  - libffi=3.4.2=h7f98852_5
  - libgcc=7.2.0=h69d50b8_2
  - libgcc-ng=12.2.0=h65d4601_19
  - libgd=2.3.3=h74d50f4_7
  - libgomp=12.2.0=h65d4601_19
  - libjpeg-turbo=2.1.5.1=hd590300_1
  - libnghttp2=1.58.0=h47da74e_1
  - libnsl=2.0.1=hd590300_0
  - libpng=1.6.43=h2797004_0
  - libsqlite=3.45.2=h2797004_0
  - libssh2=1.11.0=h0841786_0
  - libstdcxx-ng=12.2.0=h46fd767_19
  - libtiff=4.5.1=h8b53f26_1
  - libuuid=2.38.1=h0b41bf4_0
  - libwebp=1.3.1=hbf2b3c1_0
  - libwebp-base=1.3.1=hd590300_0
  - libxcrypt=4.4.36=hd590300_1
  - libzlib=1.2.13=hd590300_5
  - lz4-c=1.9.3=h9c3ff4c_1
  - minimap2=2.24=h7132678_1
  - ncurses=6.4.20240210=h59595ed_0
  - openssl=3.2.1=hd590300_1
  - perl=5.32.1=2_h7f98852_perl5
  - perl-gd=2.76=pl5321h5b5514e_1
  - perl-gdgraph=1.54=pl5321hdfd78af_1
  - perl-gdtextutil=0.86=pl5321h031d066_8
  - pip=22.3.1=pyhd8ed1ab_0
  - python=3.9.19=h0755675_0_cpython
  - python_abi=3.9=2_cp39
  - readline=8.2=h8228510_1
  - samtools=1.19.2=h50ea8bc_1
  - setuptools=65.5.1=pyhd8ed1ab_0
  - sqlite=3.38.5=h4ff8645_0
  - tbb=2020.2=h4bd325d_4
  - tk=8.6.13=noxft_h4845f30_101
  - tzdata=2022f=h191b570_0
  - wheel=0.38.4=pyhd8ed1ab_0
  - xz=5.2.6=h166bdaf_0
  - zlib=1.2.13=hd590300_5
  - zstd=1.5.2=h8a70e8d_1
prefix: /home/molecularecology/anaconda2/envs/Bismark
